48
51
54
57
60
64
68
72
76
80
85
90
95
100
105
111
117
123
129
135
142
149
156
163
170
178
186
194
202
210
219
228
237
246
255
265
275
285
295
305
316
327
338
349
360
372
384
396
408
420
433
446
459
472
485
499
513
527
541
555
570
585
600
615
630
646
662
678
694
710
727
744
761
778
795
813
831
849
867
885
904
923
942
961
980
1000
1020
1040
1060
1080
1101
1122
1143
1164
1185
1207
1229
1251
1273
1295
1318
1341
1364
1387
1410
1434
1458
1482
1506
1530
1555
1580
1605
1630
1655
1681
1707
1733
1759
1785
1794
1803
1812
1821
1830
1839
1848
1857
1866
1875
1884
1893
1902
1911
1920
1929
1938
1947
1956
1965
1974
1983
1992
2001
2010
2019
2028
2037
2046
2055
2064
2073
2082
2091
2100
2109
2118
2127
2139
2145
2154
2163
2172
2181
2190
2199
2208
2217
2226
2235
2244
2253
2262
2271
2280
2289
2298
2307
2316
2325
2334
2343
2352
2361
2370
2379
2388
2397
2406
2415
2424
2433
2442
2451
2460
2469
2478
2487
2496
2505
2514
2523
2532
2541
2550
2559
2568
2577
2586
2595
2604
2613
2622
2631
2640
2649
2658
2667
2676
2685
2694
2703
2712
2721
2730
2739
2748
2757
2766
2775
2784
2793
2802
2811
2820
2829
2838
2847
2856
2865
2874
2883
2892
2901
2910
2919
2928
2937
2946
2955
2964
2973
2982
2991
3000