48
51
54
57
60
64
68
72
76
80
85
90
95
100
105
111
117
123
129
135
142
149
156
163
170
178
186
194
202
210
219
228
237
246
255
265
275
285
295
305
316
327
338
349
360
372
384
396
408
420
433
446
459
472
485
499
513
527
541
555
570
585
600
615
630
646
662
678
694
710
727
744
761
778
795
813
831
849
867
885
904
923
942
961
980
1000
1020
1040
1060
1080
1101
1122
1143
1164
1185
1207
1229
1251
1273
1295
1318
1341
1364
1387
1410
1434
1458
1482
1506
1530
1555
1580
1605
1630
1655
1681
1707
1733
1759
1785
1812
1839
1866
1893
1920
1948
1976
2004
2032
2060
2089
2118
2147
2176
2205
2235
2265
2295
2325
2355
2386
2417
2448
2479
2510
2542
2574
2606
2638
2670
2703
2736
2769
2802
2835
2869
2903
2937
2971
3005
3040
3075
3092
0
0
0
0
0
0
0
0
0
0
0
0
0
0
0
0
0
0
0
0
0
0
0
0
0
0
0
0
0
0
0
0
0
0
0
0
0
0
0
0
0
0
0
0
0
0
0
0
0
0
0
0
0
0
0
0
0
0
0
0
0
0
0
0
0
0
0
0
0
0
0
0
0
0
0
0
0
0
0
0
0
0
0
0
0
0
0
0
0
0
0
0
